% Following visual inspection, specify which trials should be rejected.

% CAUTION: Due to the amount of interictal activity in the semantic
% judgement data, it is unlikely that these data will be suitable for
% multivariate analysis. We therefore made the decision to stop
% preprocessing these data and to focus on analysing the naming data. 
% (Saskia Frisby, Ajay Halai, Matt Lambon Ralph, Tim Rogers, 11.02.26)

% the first 19 fields in the struct are naming data

badTrials(1).Subject = '01';
badTrials(1).Task = 'naming';
badTrials(1).BadTrials = [10;21;31;34;38;48;49;72;98;116;142;149;154;158;167;172;176;179;180;191;194;208;222;224;225;226;231;240;245;246;247;267;292;294;307;308;315;329;338;339;376;377;392;393];

badTrials(2).Subject = '02';
badTrials(2).Task ='naming';
badTrials(2).BadTrials = [6;11;12;16;17;19;20;24;28;30;38;39;48;49;51;52;56;57;63;64;70;71;75;76;79;80;82;83;88;93;96;97;104;107;111;113;117;122;123;126;127;128;132;145;146;147;152;156;164;175;186;187;189;199;201;208;216;223;224;225;228;235;233;238;239;245;246;247;248;250;260;261;262;266;268;269;270;275;279;286;288;289;292;296;305;307;308;312;313;320;322;323;325;329;332;336;339;340;341;344;345;347;348;349;350;354;355;359;364;366;369;371;372;373;374;375;376;377;379;380;387;388;390;391;395;398];

badTrials(3).Subject = '03';
badTrials(3).Task = 'naming';
badTrials(3).BadTrials = [30;38;47;54;57;73;81;103;117;120;121;127;130;147;152;165;166;202;227;234;255;261;266;269;285;290;313;330;342;345;346;347;358;365;366;379;400];

badTrials(4).Subject = '04';
badTrials(4).Task = 'naming';
badTrials(4).BadTrials = [6;8;14;18;22;23;37;39;48;51;54;55;58;65;74;75;80;81;93;96;101;109;113;117;141;143;148;149;160;167;177;179;184;186;205;207;209;217;228;236;238;241;245;251;257;259;268;273;281;282;285;296;299;302;305;318;324;337;341;345;347;350;354;364;378;388;391];

badTrials(5).Subject = '05';
badTrials(5).Task = 'naming';
badTrials(5).BadTrials = [6;7;8;9;12;13;14;22;26;29;30;31;32;34;37;43;45;51;64;65;68;70;77;78;79;82;91;92;95;102;108;114;116;117;122;130;137;139;160;162;168;178;182;183;187;189;192;199;209;213;215;222;231;233;236;245;248;266;278;281;286;287;288;291;297;307;320;321;329;332;338;341;345;352;356;357;358;365;366;371;372;377;380;381;383;384;389;391;395;396];

badTrials(6).Subject = '06';
badTrials(6).Task = 'naming';
badTrials(6).BadTrials = [13;28;41;45;52;58;65;69;83;91;94;99;101;108;118;119;125;127;128;129;130;132;133;134;136;138;139;140;143;150;152;155;156;157;159;163;164;166;167;168;173;176;178;179;181;182;183;185;187;191;192;194;195;197;200;201;202;203;205;207;208;211;216;220;221;222;223;228;229;236;237;239;240;244;245;248;251;252;253;258;261;262;263;264;266;269;274;278;279;280;282;284;285;288;289;291;298;299;300;304;305;306;307;309;310;313;315;317;318;319;321;322;323;324;325;327;329;330;332;334;335;336;337;338;339;343;344;347;350;351;356;358;360;361;365;367;369;370;371;377;378;379;380;383;385;386;390;391;392;394;396;398;399];

badTrials(7).Subject = '07';
badTrials(7).Task = 'naming';
badTrials(7).BadTrials = [19;22;35;38;39;45;55;64;65;67;72;75;76;77;78;80;90;94;103;105;110;112;113;117;118;127;131;138;158;159;161;168;170;171;176;179;180;181;182;184;187;188;189;195;196;201;202;203;204;205;207;210;211;220;221;228;229;232;233;234;235;237;239;240;247;249;253;257;258;259;260;269;270;272;273;274;275;277;279;282;283;284;286;288;299;302;305;307;309;311;312;313;314;315;317;318;319;321;323;325;327;328;329;330;333;334;335;336;337;338;339;340;342;344;345;346;347;349;350;351;353;354;355;356;358;359;360;363;364;369;372;373;374;375;377;378;379;381;384;385;390;392;395];

badTrials(8).Subject = '08';
badTrials(8).Task = 'naming';
badTrials(8).BadTrials = [1;8;10;12;13;14;16;18;19;20;21;22;25;26;27;29;30;34;35;36;37;39;41;43;44;48;51;54;57;58;62;64;65;66;68;70;71;73;74;75;77;80;81;82;83;84;87;89;91;93;94;95;97;98;104;105;107;108;109;112;114;115;116;117;118;119;120;127;128;129;130;131;132;133;134;135;136;139;141;145;146;147;148;152;153;156;157;158;159;160;161;162;164;166;167;169;170;171;172;173;174;175;177;181;182;184;186;187;188;189;190;191;192;193;194;196;197;198;200;201;203;205;207;208;209;210;211;214;216;218;220;221;222;224;227;230;231;232;233;234;236;238;239;240;242;244;245;246;247;248;249;250;251;253;254;255;257;258;260;261;263;265;267;268;273;274;276;278;279;280;281;282;283;284;285;288;289;291;292;293;294;296;297;299;301;302;303;304;305;306;307;309;310;312;315;316;318;319;320;321;323;326;327;328;329;330;331;332;333;334;336;337;338;339;341;342;343;344;346;347;347;349;350;352;353;354;355;356;357;358;359;361;362;363;364;365;366;367;368;369;370;371;373;375;379;381;382;383;384;385;386;388;389;390;393;395;396;397;398;399;400];

badTrials(9).Subject = '09';
badTrials(9).Task = 'naming';
badTrials(9).BadTrials = [1;20;26;40;46;50;55;60;62;73;74;81;82;87;104;106;108;114;120;124;135;144;145;151;155;154;165;166;174;184;185;199;204;205;208;212;218;247;267;307;311;331;337;343;353;354;356;357;378;382;396;399];

badTrials(10).Subject = '10';
badTrials(10).Task = 'naming';
badTrials(10).BadTrials = [1;2;6;7;8;9;14;15;16;21;23;25;26;27;28;33;34;36;38;39;40;48;51;54;57;59;60;61;63;64;66;67;70;71;72;73;74;76;80;81;82;89;94;101;102;105;108;120;122;128;129;130;132;134;139;141;142;143;147;148;149;150;153;156;158;159;161;164;166;167;168;169;171;172;173;174;175;176;188;189;190;194;195;199;200;204;206;209;210;211;212;213;214;215;216;218;219;222;223;225;226;227;228;229;230;231;232;234;235;236;237;328;239;240;241;242;244;244;245;246;247;248;249;250;252;255;259;260;261;263;265;266;267;270;271;272;273;275;277;279;280;283;285;286;287;288;289;291;293;294;295;296;296;297;299;301;302;304;307;308;310;311;313;315;318;319;322;323;324;325;326;327;329;333;334;335;336;338;340;343;344;345;346;347;348;352;357;360;361;362;363;366;367;368;369;370;371;372;374;375;376;378;379;380;381;382;383;384;385;389;391;392;394;395;396];

badTrials(11).Subject = '11'; 
badTrials(11).Task = 'naming';
badTrials(11).BadTrials = [1;2;3;4;5;6;7;8;10;11;12;13;14;15;16;17;18;19;20;21;25;26;28;29;30;31;32;33;34;37;38;39;41;42;43;44;45;46;47;48;49;52;53;54;55;56;57;58;59;60;61;62;63;64;66;67;68;69;70;71;73;74;75;77;78;79;80;81;82;83;84;85;86;87;88;89;90;91;92;93;94;95;97;98;99;100;101;102;103;104;105;106;107;108;109;110;111;112;113;114;115;117;118;119;120;122;123;124;125;126;127;129;130;131;132;133;134;135;136;137;139;140;141;142;143;144;145;146;147;148;149;152;153;154;155;157;158;159;160;162;163;164;165;166;167;168;169;171;172;173;174;175;176;178;179;180;181;182;183;184;185;186;187;188;189;190;192;193;195;196;197;198;199;200;201;202;203;204;206;207;208;209;210;211;212;213;214;215;216;217;218;219;220;221;222;223;224;225;226;227;228;229;230;232;233;234;235;236;237;238;239;240;241;242;243;244;245;246;247;248;249;250;251;252;253;254;255;256;257;258;259;260;261;262;263;264;265;266;267;268;269;270;271;272;273;274;275;276;277;278;279;280;281;282;283;284;285;286;287;288;289;290;291;292;293;294;295;296;297;298;299;300;302;303;304;305;306;307;308;309;310;311;312;313;314;315;316;317;318;319;320;321;322;323;324;325;326;327;328;329;330;331;332;333;334;335;336;337;338;339;340;341;342;343;344;345;346;347;348;349;350;351;352;353;354;355;356;357;358;359;360;361;362;363;364;366;367;368;369;370;371;372;374;375;376;377;378;379;381;382;383;384;385;386;387;388;389;390;391;392;393;394;395;396;397;398;399;400];

badTrials(12).Subject = '12';
badTrials(12).Task = 'naming';
